1316 60 6000
1902 248 8000
1868 372 8000
1806 407 12000
944 749 3000
800 826 3000

887 537 8000
951 474 8000
887 537 8000
951 474 8000
887 537 8000
951 474 8000
887 537 8000
951 474 8000
887 537 8000
951 474 8000
887 537 8000
951 474 8000
887 537 8000
951 474 8000
887 537 8000
951 474 8000
887 537 8000
951 474 8000
887 537 8000
951 474 8000
887 537 8000
951 474 8000
887 537 8000
951 474 8000
887 537 8000
951 474 8000
887 537 8000
951 474 8000

1837 84 13000
1755 104 11000
1711 245 9000
1768 276 5000
968 688 1000

